%YAML:1.0
mm_per_unit: 1.0
corners:
 - [[0, 504, 0],[111, 504, 0],[111, 393, 0],[0, 393, 0]]
 - [[131, 504, 0],[242, 504, 0],[242, 393, 0],[131, 393, 0]]
 - [[262, 504, 0],[373, 504, 0],[373, 393, 0],[262, 393, 0]]
 - [[0, 373, 0],[111, 373, 0],[111, 262, 0],[0, 262, 0]]
 - [[131, 373, 0],[242, 373, 0],[242, 262, 0],[131, 262, 0]]
 - [[262, 373, 0],[373, 373, 0],[373, 262, 0],[262, 262, 0]]
 - [[0, 242, 0],[111, 242, 0],[111, 131, 0],[0, 131, 0]]
 - [[131, 242, 0],[242, 242, 0],[242, 131, 0],[131, 131, 0]]
 - [[262, 242, 0],[373, 242, 0],[373, 131, 0],[262, 131, 0]]
 - [[0, 111, 0],[111, 111, 0],[111, 0, 0],[0, 0, 0]]
 - [[131, 111, 0],[242, 111, 0],[242, 0, 0],[131, 0, 0]]
 - [[262, 111, 0],[373, 111, 0],[373, 0, 0],[262, 0, 0]]
ids:
 - 104
 - 111
 - 106
 - 105
 - 101
 - 110
 - 103
 - 102
 - 107
 - 109
 - 100
 - 108
